  -8.3400000e+00   4.4499386e+00
  -1.6720000e+01   3.9969430e+00
  -1.3400000e+01   4.9436939e+00
  -7.0926000e+00  -1.7544093e+01
  -4.9600000e+00   4.4940060e+00
  -6.0300000e+00   4.8308387e+00
  -6.3600000e+00   5.0238565e+00
  -3.8026000e+00  -1.6966884e+01
   6.7400000e+00   4.5341354e+00
   8.0400000e+00   4.7915116e+00
   8.1500000e+00   4.8742438e+00
   6.8400000e+00   4.5521928e+00
   9.8100000e+00   4.1971830e+00
   1.4630000e+01   5.1956875e+00
   1.4970000e+01   5.3819550e+00
   1.0110000e+01   3.9762424e+00
   1.0870000e-02   7.3909578e+00
   1.0300000e-03   7.3673354e+00
  -1.7060000e+01  -6.5899720e+00
  -1.5480000e+01  -2.7208760e+00
   5.8000000e-01   8.4681431e+00
   1.7398737e+01   4.4500840e+00
   1.4970000e+01   5.3819550e+00
